Sarah Richards 19
2 3 2 4 2 3 2 3 2 3 3 2 3 4 2 4 3 2 2 3 2 3 2 3 2 3 3 2 3 4 1 3 4 3 2 4 3 3 4 2 1 2 4 4 3 4 3 3 4 3
Brandon Holmes 36
1 1 4 4 4 5 4 1 4 1 5 1 4 4 5 4 5 2 4 1 1 2 4 2 4 4 5 1 2 1 1 2 5 2 5 4 4 1 2 4 2 4 4 2 5 5 4 4 2 4
David Persteniuc 19
4 3 4 4 3 5 3 1 3 3 3 1 3 4 3 3 4 1 3 3 4 2 3 2 3 3 3 2 1 3 4 2 4 2 3 4 3 3 2 3 3 3 2 2 4 5 4 4 3 3
Frank Horrigan 25
3 4 2 5 4 3 5 2 5 1 5 1 3 1 4 3 4 2 5 3 2 1 3 1 2 1 5 3 1 1 3 1 1 1 3 3 5 2 1 2 4 5 1 1 3 3 5 5 1 5
Wyatt Phillips 18
3 2 2 2 3 4 4 4 4 2 3 2 4 4 3 4 3 3 2 3 2 3 2 1 2 3 3 2 4 2 2 3 2 2 1 4 3 4 1 2 3 2 1 2 4 3 3 2 1 4
Ryan White 45
1 2 4 2 3 3 3 1 4 1 4 1 5 2 2 5 3 2 3 2 3 3 2 3 4 2 4 1 2 3 3 2 5 1 5 4 3 1 1 3 2 2 3 2 3 4 4 4 2 3
Malloy Peek 25 
2 3 5 5 4 5 5 5 4 2 2 3 5 5 5 5 4 5 1 1 1 3 2 2 5 2 3 5 5 1 1 3 2 5 5 4 3 2 4 4 1 3 3 5 4 5 2 5 4 5 
Aminah Juboori 21
2 4 3 4 2 3 3 1 3 3 2 3 3 3 4 3 4 2 3 3 3 2 3 3 3 3 3 2 3 2 1 3 4 5 3 2 3 3 5 1 2 4 4 5 2 3 4 3 3 3
Juvensky Hyppolite-Jean 18
3 2 3 3 2 3 4 1 4 3 4 1 5 3 2 5 5 1 3 5 1 3 2 3 3 4 5 1 1 3 3 3 4 3 5 5 4 1 3 1 3 4 4 3 5 5 5 3 3 2
Elijah Beatty 19
3 1 2 5 4 5 3 1 3 3 3 2 4 5 4 5 4 3 2 1 3 2 2 4 3 2 5 4 4 2 2 3 4 2 4 5 4 2 2 3 3 4 4 4 5 5 4 3 2 4
Andrew Johnson 18
1 2 4 2 3 5 2 2 5 2 2 1 4 2 3 5 3 3 4 1 2 3 2 3 3 4 5 2 2 3 1 3 4 1 4 5 4 1 1 3 2 3 4 1 5 4 2 4 2 2
Lucas Wiley 19
3 3 2 3 3 2 3 1 3 3 2 3 1 3 1 3 3 4 3 1 3 3 5 3 3 1 3 3 3 4 3 2 3 3 4 3 4 3 1 3 3 5 3 2 3 1 3 3 1 3
Elmo Monster 4
5 4 4 5 1 1 5 3 2 5 5 4 2 2 5 1 2 5 3 5 5 4 4 5 2 1 5 3 5 1 5 2 4 5 1 1 4 3 5 1 5 4 3 5 3 1 1 1 1 5
Siddh Patel 20
3 4 4 4 3 5 3 2 3 4 4 1 4 5 5 4 4 2 3 1 3 5 4 3 3 5 3 1 4 4 1 2 5 4 3 4 3 3 3 4 3 3 3 4 5 3 3 3 3 3
Mohammed Sakalla 19
1 4 3 2 3 4 3 2 3 4 5 5 5 4 1 2 3 3 4 3 2 3 3 3 3 3 3 4 2 3 4 4 4 4 2 5 4 2 1 2 3 4 5 4 3 2 3 4 4 4
Jordan Young 26
3 1 4 4 4 3 3 2 3 3 2 1 5 4 4 3 5 3 3 2 4 2 3 3 4 3 5 3 3 3 3 1 5 3 3 4 4 1 3 3 2 4 4 3 4 4 3 4 3 3
Leroy Jenkins 35
3 2 5 4 5 4 3 2 2 2 3 1 5 4 4 5 5 2 1 1 3 2 3 4 3 2 2 1 3 2 3 2 5 5 4 5 4 1 4 5 1 4 5 2 4 4 3 4 4 4
Jeff Goldberg 24
4 3 3 3 2 3 5 4 3 4 4 4 5 4 3 3 4 3 3 3 4 3 1 3 3 2 4 3 4 3 2 2 4 3 2 4 4 4 3 3 4 3 3 2 3 3 2 4 3 4
Macy Wright 20 
5 4 3 2 5 5 3 1 4 5 3 2 2 1 4 5 3 2 1 4 3 3 3 5 4 3 2 1 4 5 1 1 5 3 2 2 4 3 1 4 4 5 2 1 1 3 5 5 1 2
Ben Penney 20
3 1 3 5 4 5 4 4 2 3 4 1 5 5 2 3 4 2 4 4 2 1 3 5 3 5 5 4 2 3 3 2 4 1 4 5 4 1 1 2 1 5 3 3 4 5 4 3 4 4
Julien Devol 18
2 1 1 1 5 3 5 4 5 2 5 1 5 1 5 3 5 1 9 1 4 2 1 1 5 1 5 5 1 1 2 3 2 1 5 3 2 5 1 5 5 5 1 1 5 5 5 4 1 5
Ahmed Ghazi 19
4 1 1 2 4 3 5 3 5 3 5 1 3 1 4 3 5 3 5 3 5 4 4 3 5 2 1 5 5 2 4 2 3 1 3 3 5 2 2 2 3 5 3 1 2 1 5 4 3 4
Benjamin Roberson 25
3 4 2 2 3 4 2 3 2 1 2 3 4 2 3 2 1 4 5 3 4 4 3 2 2 4 1 2 1 2 3 3 3 2 2 5 4 3 2 2 1 3 4 2 5 2 3 1 1 5
Phu Hoang 24
2 2 4 2 5 5 2 5 5 2 3 1 5 3 5 5 5 2 2 2 2 5 1 4 5 5 4 1 2 1 1 3 5 1 4 1 4 5 1 5 5 3 4 3 3 5 5 5 1 3 
Bradford Shipley 19
5 5 3 2 4 3 4 2 5 3 2 5 2 3 2 3 4 5 3 2 1 3 4 5 3 2 1 3 4 5 3 2 5 1 3 3 2 4 2 1 4 4 5 2 1 4 2 4 5 1
Tristen Mcnutt 20
2 1 3 4 3 5 3 1 4 2 3 1 5 5 5 3 4 2 3 1 2 3 2 1 3 4 4 2 2 2 1 3 5 3 4 5 4 2 1 4 1 4 4 3 5 5 3 3 3 3